2025-03-28 17:13:40.587073 - Received CBT.V508.FILE010.PDS from FILE010.XMI 
2025-03-28 17:13:40.589934 - Found $$$#DATE.txt (text/plain) in CBT.V508.FILE010.PDS, moved to PDS/$$$#DATE
2025-03-28 17:13:40.591671 - Found $$INDEX.txt (text/plain) in CBT.V508.FILE010.PDS, moved to PDS/$$INDEX
2025-03-28 17:13:40.593387 - Found $$NOTICE.txt (text/plain) in CBT.V508.FILE010.PDS, moved to PDS/$$NOTICE
2025-03-28 17:13:40.594855 - Found $$STORY.txt (text/plain) in CBT.V508.FILE010.PDS, moved to PDS/$$STORY
2025-03-28 17:13:40.596761 - Found @FILE010.txt (text/plain) in CBT.V508.FILE010.PDS, moved to PDS/@FILE010
2025-03-28 17:13:40.599652 - Found ASM.jcl (text/plain) in CBT.V508.FILE010.PDS, moved to PDS/ASM
2025-03-28 17:13:40.602719 - Found ASMBB.jcl (text/plain) in CBT.V508.FILE010.PDS, moved to PDS/ASMBB
2025-03-28 17:13:40.604488 - Found ASMDG.jcl (text/plain) in CBT.V508.FILE010.PDS, moved to PDS/ASMDG
2025-03-28 17:13:40.605936 - Found ASMDR.jcl (text/plain) in CBT.V508.FILE010.PDS, moved to PDS/ASMDR
2025-03-28 17:13:40.608242 - Found ASMG.jcl (text/plain) in CBT.V508.FILE010.PDS, moved to PDS/ASMG
2025-03-28 17:13:40.609741 - Found ASMGP.jcl (text/plain) in CBT.V508.FILE010.PDS, moved to PDS/ASMGP
2025-03-28 17:13:40.612180 - Found ASMIS.jcl (text/plain) in CBT.V508.FILE010.PDS, moved to PDS/ASMIS
2025-03-28 17:13:40.613669 - Found ASMLX1.jcl (text/plain) in CBT.V508.FILE010.PDS, moved to PDS/ASMLX1
2025-03-28 17:13:40.615720 - Found ASMN.jcl (text/plain) in CBT.V508.FILE010.PDS, moved to PDS/ASMN
2025-03-28 17:13:40.617028 - Found ASMSP.jcl (text/plain) in CBT.V508.FILE010.PDS, moved to PDS/ASMSP
2025-03-28 17:13:40.620288 - Found DCS.txt (text/plain) in CBT.V508.FILE010.PDS, moved to PDS/DCS
2025-03-28 17:13:40.624210 - Found DYNALC.txt (text/plain) in CBT.V508.FILE010.PDS, moved to PDS/DYNALC
2025-03-28 17:13:40.627566 - Found ESRPRMTE.txt (text/plain) in CBT.V508.FILE010.PDS, moved to PDS/ESRPRMTE
2025-03-28 17:13:40.629808 - Found ESRPRMTJ.txt (text/plain) in CBT.V508.FILE010.PDS, moved to PDS/ESRPRMTJ
2025-03-28 17:13:40.632090 - Found GLSPARSE.txt (text/plain) in CBT.V508.FILE010.PDS, moved to PDS/GLSPARSE
2025-03-28 17:13:40.635166 - Found ICFDSECT.txt (text/plain) in CBT.V508.FILE010.PDS, moved to PDS/ICFDSECT
2025-03-28 17:13:40.636938 - Found IM@.txt (text/plain) in CBT.V508.FILE010.PDS, moved to PDS/IM@
2025-03-28 17:13:40.638870 - Found IMCFDATA.txt (text/plain) in CBT.V508.FILE010.PDS, moved to PDS/IMCFDATA
2025-03-28 17:13:40.645048 - Found IMCFDOC.txt (text/plain) in CBT.V508.FILE010.PDS, moved to PDS/IMCFDOC
2025-03-28 17:13:40.648079 - Found IMCFLIST.txt (text/plain) in CBT.V508.FILE010.PDS, moved to PDS/IMCFLIST
2025-03-28 17:13:40.652522 - Found IMDATGAT.txt (text/plain) in CBT.V508.FILE010.PDS, moved to PDS/IMDATGAT
2025-03-28 17:13:40.653441 - Found IMDGPURG.txt (text/plain) in CBT.V508.FILE010.PDS, moved to PDS/IMDGPURG
2025-03-28 17:13:40.655106 - Found IMDSDATA.txt (text/plain) in CBT.V508.FILE010.PDS, moved to PDS/IMDSDATA
2025-03-28 17:13:40.657743 - Found IMDSPACE.js (application/javascript) in CBT.V508.FILE010.PDS, moved to PDS/IMDSPACE
2025-03-28 17:13:40.660090 - Found IMDSSTRD.txt (text/plain) in CBT.V508.FILE010.PDS, moved to PDS/IMDSSTRD
2025-03-28 17:13:40.660723 - Found IMGATCOM.txt (text/plain) in CBT.V508.FILE010.PDS, moved to PDS/IMGATCOM
2025-03-28 17:13:40.664348 - Found IMGATDAT.txt (text/plain) in CBT.V508.FILE010.PDS, moved to PDS/IMGATDAT
2025-03-28 17:13:40.667240 - Found IMGATGET.txt (text/plain) in CBT.V508.FILE010.PDS, moved to PDS/IMGATGET
2025-03-28 17:13:40.670262 - Found IMLLAIX1.txt (text/plain) in CBT.V508.FILE010.PDS, moved to PDS/IMLLAIX1
2025-03-28 17:13:40.671304 - Found IMLLAREA.txt (text/plain) in CBT.V508.FILE010.PDS, moved to PDS/IMLLAREA
2025-03-28 17:13:40.672210 - Found IMON.txt (text/plain) in CBT.V508.FILE010.PDS, moved to PDS/IMON
2025-03-28 17:13:40.675075 - Found IMONCNTL.xmi (application/xmit) in CBT.V508.FILE010.PDS, moved to PDS/IMONCNTL
2025-03-28 17:13:40.683782 - Found IMONJOB.jcl (text/plain) in CBT.V508.FILE010.PDS, moved to PDS/IMONJOB
2025-03-28 17:13:40.685155 - Found IMONTEXT.txt (text/plain) in CBT.V508.FILE010.PDS, moved to PDS/IMONTEXT
2025-03-28 17:13:40.687380 - Found IMPCM$.txt (text/plain) in CBT.V508.FILE010.PDS, moved to PDS/IMPCM$
2025-03-28 17:13:40.689455 - Found IMPCME.txt (text/plain) in CBT.V508.FILE010.PDS, moved to PDS/IMPCME
2025-03-28 17:13:40.690172 - Found IMPCMGG.txt (text/plain) in CBT.V508.FILE010.PDS, moved to PDS/IMPCMGG
2025-03-28 17:13:40.694090 - Found IMPCMK.txt (text/plain) in CBT.V508.FILE010.PDS, moved to PDS/IMPCMK
2025-03-28 17:13:40.695764 - Found IMPCMT.txt (text/plain) in CBT.V508.FILE010.PDS, moved to PDS/IMPCMT
2025-03-28 17:13:40.696913 - Found IMPCMW.txt (text/plain) in CBT.V508.FILE010.PDS, moved to PDS/IMPCMW
2025-03-28 17:13:40.697775 - Found IMPCM1.txt (text/plain) in CBT.V508.FILE010.PDS, moved to PDS/IMPCM1
2025-03-28 17:13:40.698691 - Found IMPCM2.txt (text/plain) in CBT.V508.FILE010.PDS, moved to PDS/IMPCM2
2025-03-28 17:13:40.700420 - Found IMPCM3.txt (text/plain) in CBT.V508.FILE010.PDS, moved to PDS/IMPCM3
2025-03-28 17:13:40.703282 - Found IMPCM4.txt (text/plain) in CBT.V508.FILE010.PDS, moved to PDS/IMPCM4
2025-03-28 17:13:40.704226 - Found IMPGAT.txt (text/plain) in CBT.V508.FILE010.PDS, moved to PDS/IMPGAT
2025-03-28 17:13:40.705155 - Found IMPSPACE.txt (text/plain) in CBT.V508.FILE010.PDS, moved to PDS/IMPSPACE
2025-03-28 17:13:40.709059 - Found IMPXA.txt (text/plain) in CBT.V508.FILE010.PDS, moved to PDS/IMPXA
2025-03-28 17:13:40.710137 - Found IMPXA@.txt (text/plain) in CBT.V508.FILE010.PDS, moved to PDS/IMPXA@
2025-03-28 17:13:40.712183 - Found IMPXAA.txt (text/plain) in CBT.V508.FILE010.PDS, moved to PDS/IMPXAA
2025-03-28 17:13:40.715323 - Found IMPXAB.txt (text/plain) in CBT.V508.FILE010.PDS, moved to PDS/IMPXAB
2025-03-28 17:13:40.716638 - Found IMPXAC.txt (text/plain) in CBT.V508.FILE010.PDS, moved to PDS/IMPXAC
2025-03-28 17:13:40.718988 - Found IMPXAD.txt (text/plain) in CBT.V508.FILE010.PDS, moved to PDS/IMPXAD
2025-03-28 17:13:40.720680 - Found IMPXAF.txt (text/plain) in CBT.V508.FILE010.PDS, moved to PDS/IMPXAF
2025-03-28 17:13:40.722263 - Found IMPXAG.txt (text/plain) in CBT.V508.FILE010.PDS, moved to PDS/IMPXAG
2025-03-28 17:13:40.724762 - Found IMPXAGLS.bin (application/octet-stream) in CBT.V508.FILE010.PDS, moved to PDS/IMPXAGLS
2025-03-28 17:13:40.730444 - Found IMPXAJ.txt (text/plain) in CBT.V508.FILE010.PDS, moved to PDS/IMPXAJ
2025-03-28 17:13:40.732436 - Found IMPXAL.txt (text/plain) in CBT.V508.FILE010.PDS, moved to PDS/IMPXAL
2025-03-28 17:13:40.734612 - Found IMPXAM.txt (text/plain) in CBT.V508.FILE010.PDS, moved to PDS/IMPXAM
2025-03-28 17:13:40.736088 - Found IMPXAN.txt (text/plain) in CBT.V508.FILE010.PDS, moved to PDS/IMPXAN
2025-03-28 17:13:40.738421 - Found IMPXAO.txt (text/plain) in CBT.V508.FILE010.PDS, moved to PDS/IMPXAO
2025-03-28 17:13:40.739643 - Found IMPXAP.txt (text/plain) in CBT.V508.FILE010.PDS, moved to PDS/IMPXAP
2025-03-28 17:13:40.741941 - Found IMPXAR.txt (text/plain) in CBT.V508.FILE010.PDS, moved to PDS/IMPXAR
2025-03-28 17:13:40.744328 - Found IMPXAS.txt (text/plain) in CBT.V508.FILE010.PDS, moved to PDS/IMPXAS
2025-03-28 17:13:40.747442 - Found IMPXASPY.txt (text/plain) in CBT.V508.FILE010.PDS, moved to PDS/IMPXASPY
2025-03-28 17:13:40.749726 - Found IMPXAT.txt (text/plain) in CBT.V508.FILE010.PDS, moved to PDS/IMPXAT
2025-03-28 17:13:40.752890 - Found IMPXAU.txt (text/plain) in CBT.V508.FILE010.PDS, moved to PDS/IMPXAU
2025-03-28 17:13:40.757379 - Found IMPXAV.txt (text/plain) in CBT.V508.FILE010.PDS, moved to PDS/IMPXAV
2025-03-28 17:13:40.759658 - Found IMSPACEO.txt (text/plain) in CBT.V508.FILE010.PDS, moved to PDS/IMSPACEO
2025-03-28 17:13:40.762447 - Found IMSPACER.txt (text/plain) in CBT.V508.FILE010.PDS, moved to PDS/IMSPACER
2025-03-28 17:13:40.763915 - Found IMSPDSST.txt (text/plain) in CBT.V508.FILE010.PDS, moved to PDS/IMSPDSST
2025-03-28 17:13:40.766419 - Found IMSWAP.txt (text/plain) in CBT.V508.FILE010.PDS, moved to PDS/IMSWAP
2025-03-28 17:13:40.767910 - Found IMSWPTXT.txt (text/plain) in CBT.V508.FILE010.PDS, moved to PDS/IMSWPTXT
2025-03-28 17:13:40.770509 - Found IMVTOCRD.txt (text/plain) in CBT.V508.FILE010.PDS, moved to PDS/IMVTOCRD
2025-03-28 17:13:40.772182 - Found IMXACUST.jcl (text/plain) in CBT.V508.FILE010.PDS, moved to PDS/IMXACUST
2025-03-28 17:13:40.774961 - Found IMXCDATA.txt (text/plain) in CBT.V508.FILE010.PDS, moved to PDS/IMXCDATA
2025-03-28 17:13:40.777052 - Found IMXCF.js (application/javascript) in CBT.V508.FILE010.PDS, moved to PDS/IMXCF
2025-03-28 17:13:40.778501 - Found IMXCFDOC.txt (text/plain) in CBT.V508.FILE010.PDS, moved to PDS/IMXCFDOC
2025-03-28 17:13:40.780051 - Found JPRFXMSG.txt (text/plain) in CBT.V508.FILE010.PDS, moved to PDS/JPRFXMSG
2025-03-28 17:13:40.786990 - Found LOADLIB.xmi (application/xmit) in CBT.V508.FILE010.PDS, moved to PDS/LOADLIB
2025-03-28 17:13:40.794504 - Found PDLFRECS.txt (text/plain) in CBT.V508.FILE010.PDS, moved to PDS/PDLFRECS
2025-03-28 17:13:40.797548 - Found SPACE$.jcl (text/plain) in CBT.V508.FILE010.PDS, moved to PDS/SPACE$
